30,4
30,1
30,3
33,90
31,5
33,89
33,88
27,4
28,4
29,1
29,3
31,1
31,3
37,35
28,5
27,5
28,1
28,3
27,1
27,3
25,4
25,1
25,3
24,4
24,1
24,3
3,2
3,1
3,3
10,260
10,182
10,133
10,106
10,294
10,26
10,167
10,1
10,172
10,2
10,3
11,26
11,23
11,4
11,22
11,27
11,13
11,14
11,1
11,5
11,2
11,3
9,7
9,6
9,1
9,4
9,2
9,3
8,11
8,17
8,6
8,1
8,4
8,2
8,3
12,2
12,1
12,3
20,2
20,1
20,3
19,2
19,1
19,3
18,1
18,3
14,3
13,1
13,3
2,2
2,1
2,3
35,7
35,6
35,5
35,4
35,3
35,2
35,1
35,0
34,5
34,4
34,3
34,2
34,1
34,0
33,87
33,86
33,85
33,84
33,83
33,82
33,81
33,80
33,79
33,78
33,77
33,76
33,75
33,74
33,73
33,72
33,71
33,70
33,69
33,68
33,67
33,66
33,65
33,64
